# Nikkei 225 + JPX-Nikkei 400 combined (2026-04)
# 447 tickers (deduplicated)
1332
1407
1414
1417
1419
1518
1605
1719
1721
1801
1802
1803
1808
1812
1878
1911
1925
1928
1942
1951
1959
1963
2002
2127
2146
2168
2175
2181
2201
2229
2264
2267
2269
2282
2317
2327
2331
2371
2379
2384
2413
2432
2433
2501
2502
2503
2531
2587
2670
2678
2702
2768
2782
2784
2801
2802
285A
2871
2875
2897
2914
3003
3038
3064
3086
3088
3092
3099
3107
3116
3132
3148
3186
3231
3288
3289
3291
3349
3360
3382
3391
3401
3402
3405
3407
3436
3465
3549
3563
3626
3635
3659
3697
3765
3769
3774
3861
3923
3941
3962
4004
4005
4021
4042
4043
4061
4062
4063
4088
4091
4151
4182
4183
4186
4188
4189
4202
4203
4204
4205
4206
4208
4307
4324
4368
4385
4401
4403
4452
4502
4503
4506
4507
4516
4519
4523
4527
4528
4543
4544
4552
4568
4578
4587
4612
4613
4626
4661
4684
4686
4689
4694
4704
4716
4732
4751
4755
4768
4812
4816
4819
4848
4901
4902
4911
4912
4922
4967
4974
4980
5019
5020
5021
5076
5101
5105
5108
5110
5201
5214
5233
5301
5332
5333
5334
5344
5384
5393
5401
5406
5411
5423
543A
5463
5480
5631
5702
5706
5711
5713
5714
5801
5802
5803
5831
5857
5929
5947
6005
6055
6098
6103
6113
6134
6141
6146
6178
6183
6201
6268
6273
6301
6302
6305
6323
6326
6361
6367
6368
6383
6417
6432
6448
6460
6465
6471
6472
6473
6479
6501
6503
6504
6506
6526
6532
6544
6586
6594
6645
6670
6701
6702
6723
6724
6727
6728
6750
6752
6753
6754
6758
6762
6770
6806
6841
6845
6849
6856
6857
6861
6869
6890
6902
6920
6951
6954
6963
6965
6966
6971
6976
6981
6988
7004
7011
7012
7013
7164
7167
7186
7201
7202
7203
7211
7242
7259
7261
7267
7269
7270
7272
7276
7282
7309
7419
7453
7459
7516
7532
7550
7564
7593
7599
7649
7701
7716
7729
7731
7733
7735
7741
7747
7751
7752
7832
7846
7911
7912
7951
7956
7974
7988
8001
8002
8015
8020
8031
8035
8053
8056
8058
8060
8078
8088
8098
8111
8113
8133
8154
8174
8194
8218
8227
8233
8252
8253
8267
8273
8282
8283
8304
8306
8308
8309
8316
8331
8354
8410
8411
8424
8425
8439
8473
8570
8572
8584
8585
8591
8593
8595
8601
8604
8630
8697
8698
8725
8750
8766
8795
8801
8802
8804
8830
8850
8876
8919
9001
9005
9007
9008
9009
9020
9021
9022
9064
9065
9069
9090
9101
9104
9107
9110
9143
9147
9201
9202
9302
9418
9432
9433
9434
9435
9449
9468
9501
9502
9503
9513
9517
9519
9531
9532
9602
9682
9684
9697
9715
9719
9735
9744
9759
9766
9843
9962
9983
9984
9989
