# All KR listed companies from DART CORPCODE.xml
# 3959 tickers (KOSPI + KOSDAQ + KONEX)
000010
000020
000030
000040
000050
000060
000070
000080
000100
000110
000120
000140
000150
000180
0001A0
000210
000220
000230
000240
000250
000270
000300
000320
000360
000370
000380
000390
000400
000420
000430
000440
000470
000480
000490
0004V0
0004Y0
000500
000520
000540
000590
000610
000640
000650
000660
000670
000680
000700
000720
000760
000790
0007C0
0007J0
000800
000810
000830
000850
000860
000880
000890
0008Z0
000910
000950
000970
000990
0009K0
001000
001020
001040
001060
001070
001080
0010F0
0010V0
001120
001130
001140
001150
001190
0011A0
001200
001210
001230
001250
001260
001270
001280
001290
001300
001310
001340
001360
001370
001380
001390
0013V0
001420
001430
001440
001450
001460
001470
001490
001500
001510
001520
001530
001540
001550
001560
001570
001580
001590
0015G0
0015N0
0015S0
001600
001620
001630
001670
001680
001720
001740
001750
001770
001780
001790
001800
001810
001820
001830
001840
001880
001890
001940
001950
001970
001980
002000
002020
002030
002070
002100
002140
002150
002170
002200
002210
002220
002230
002240
002250
002270
002290
002300
002310
002320
002350
002360
002380
002390
002410
002420
002450
002460
002480
002530
002540
002550
002600
002620
002630
002670
002680
002690
002700
002710
002720
002760
002780
002790
002800
002810
002820
002840
002850
002860
002870
002880
002900
002920
002930
002950
002960
002990
003000
003010
003020
003030
003040
003050
003060
003070
003080
003090
0030R0
003100
003120
003160
003190
003200
003220
003230
003240
003280
003300
003310
003330
003350
003380
003410
003450
003460
003470
003480
003490
003520
003530
003540
003550
003560
003570
003580
003590
003600
003610
003620
003640
003650
003660
003670
003680
003690
003720
003780
0037T0
003800
003830
003850
003900
003920
003930
003940
003960
003990
004000
004010
004020
004060
004080
004090
004100
004130
004140
004150
004170
004190
0041B0
0041J0
0041L0
004200
004230
004250
004270
004310
004320
004360
004370
004380
004410
004430
004440
004450
004490
0044K0
004510
004530
004540
004550
004560
004590
004620
004650
004660
004690
004700
004710
004720
004740
004770
004780
004790
004800
004820
004830
004840
004870
004890
004910
004920
004940
004960
004970
004980
004990
005010
005030
005070
005090
005110
005160
005180
005190
005250
005270
005280
005290
005300
005320
005330
005350
005360
005380
005390
005420
005430
005440
005450
005490
0054V0
005500
005560
005600
005610
005620
005670
005680
005690
005710
005720
005740
005750
005760
005800
005810
005820
005830
005850
005860
005870
005880
005890
005900
005930
005940
005950
005960
005980
005990
006040
006050
006060
006070
006090
006110
006120
006140
006150
006200
006210
006220
006250
006260
006280
006340
006350
006360
006370
006380
006390
006400
006440
006490
006570
006580
006600
006620
006650
006660
006730
006740
006750
006800
006840
006880
006890
0068Y0
006910
006920
006980
007050
007070
007110
007120
007150
007160
007190
0071M0
007200
007210
007280
0072Z0
007310
007330
007340
007370
007390
007460
007480
007490
007530
007540
007570
007590
007610
007630
007640
007660
007680
007690
007700
007720
007770
007800
007810
007820
007830
007860
007910
007980
008000
008020
008030
008040
008060
008080
008110
008120
008250
008260
008270
008290
0082N0
008320
008340
008350
008370
008400
008420
008470
008490
008500
008540
008560
008600
008670
008700
008720
008730
008770
008780
008800
008830
008870
0088D0
0088M0
008900
008930
008970
009010
009070
009080
009140
009150
009160
009180
009190
0091W0
009200
009220
009240
009270
009280
009290
009300
009310
009320
009360
009380
0093G0
009410
009420
009440
009450
009460
009470
009520
009540
009580
009620
009680
009690
0096B0
0096D0
009720
009730
009760
009770
009780
009790
0097F0
009810
009830
009890
0098T0
009900
009940
009970
0099W0
0099X0
010040
010050
010060
010090
010100
010120
010130
010140
010150
010170
0101C0
010200
010240
010280
010400
010420
010460
010470
010520
010580
0105P0
010600
010620
010640
010660
010670
010690
010730
010770
010780
010820
010950
010960
011000
011020
011040
011050
011070
011080
011090
011150
011160
011170
011200
011210
011230
011280
011300
011320
011330
011370
011390
011400
011420
011500
011560
0115H0
011690
011700
011720
011760
011780
011790
011800
011810
011930
012030
012090
0120G0
012160
012170
012200
012210
012250
012280
012320
012330
012340
012400
012410
012420
012450
012460
012510
012580
012600
012610
012620
012630
012650
012690
0126Z0
012700
012720
012750
012760
012790
012800
012860
012990
013000
013030
0130D0
0130H0
013120
013200
013240
0132G0
013310
013340
013360
013450
013520
013570
013580
013650
013700
013720
013780
013810
013870
013890
013990
014010
014100
014130
014160
014190
014200
014280
014300
014350
014420
014440
014470
014530
014570
014580
014590
014620
014680
014710
014790
014820
014830
014900
014910
014940
014950
014970
014990
015020
015050
015110
015170
015200
015230
015260
015350
015360
015390
015540
015590
015670
015710
015750
015760
015860
015890
015940
016040
016090
016100
016140
016160
016170
016250
016360
016380
016420
016450
016510
016560
016570
016580
016590
016600
016610
016670
016710
016740
016790
016800
016830
016880
016890
016920
016970
016990
017000
017010
017040
017050
017160
017170
017180
017250
017300
017370
017390
017480
017510
017550
017650
017670
017680
017800
017810
017860
017890
017900
017940
017960
018000
018120
018180
018250
018260
018290
018310
018410
018470
018500
018620
018670
018680
018700
018880
018890
019010
019120
019170
019180
019210
019260
019300
019430
019440
019490
019540
019550
019560
019570
019590
019640
019660
019680
019770
019930
019990
020000
020070
020120
020150
020180
020400
020560
020710
020760
021040
021050
021060
021080
021240
021320
021570
021650
021820
021880
021960
022100
022220
022520
023000
023020
023150
023160
023350
023410
023420
023430
023440
023450
023460
023530
023590
023600
023670
023760
023770
023790
023800
023810
023890
023900
023910
023960
024060
024070
024090
024100
024110
024120
024660
024720
024740
024800
024810
024830
024840
024850
024870
024880
024890
024900
024910
024940
024950
025000
025270
025320
025340
025440
025450
025460
025530
025540
025550
025560
025610
025620
025690
025750
025770
025820
025830
025850
025860
025870
025880
025890
025900
025920
025930
025950
025970
025980
026040
026150
026180
026220
026230
026250
026260
026540
026870
026890
026910
026940
026960
026970
027040
027050
027350
027360
027390
027410
027440
027580
027700
027710
027740
027830
027840
027970
028040
028050
028080
028090
028100
028150
028260
028300
028670
029460
029480
029530
029780
029960
030000
030030
030190
030200
030210
030270
030350
030390
030420
030520
030530
030610
030720
030790
030950
030960
031150
031210
031310
031330
031390
031430
031440
031510
031800
031820
031860
031920
031950
031960
031970
031980
031990
032030
032040
032050
032080
032150
032180
032190
032280
032290
032300
032350
032380
032390
032420
032500
032540
032560
032570
032580
032590
032600
032610
032620
032640
032680
032710
032750
032790
032800
032820
032830
032850
032860
032930
032940
032960
032980
033020
033030
033050
033100
033110
033130
033160
033170
033180
033190
033200
033210
033220
033230
033240
033250
033260
033270
033280
033290
033310
033320
033330
033340
033430
033500
033530
033540
033550
033560
033600
033630
033640
033660
033720
033780
033790
033830
033850
033880
033920
034010
034020
034120
034220
034230
034300
034310
034510
034590
034600
034660
034730
034750
034810
034830
034940
034950
035000
035010
035080
035150
035200
035210
035250
035270
035290
035400
035420
035430
035450
035460
035480
035500
035510
035600
035610
035620
035710
035720
035760
035780
035810
035830
035870
035890
035900
035910
035950
035960
036000
036010
036020
036030
036060
036090
036120
036170
036180
036190
036200
036210
036220
036260
036270
036280
036360
036420
036460
036480
036490
036500
036530
036540
036550
036560
036570
036580
036590
036600
036610
036620
036630
036640
036660
036670
036690
036710
036720
036760
036790
036800
036810
036820
036830
036840
036850
036880
036890
036900
036910
036920
036930
037010
037020
037030
037060
037070
037110
037120
037150
037220
037230
037240
037250
037270
037320
037330
037340
037350
037370
037380
037400
037440
037460
037500
037510
037540
037550
037560
037600
037620
037630
037640
037650
037700
037710
037730
037750
037760
037830
037950
038010
038050
038060
038070
038100
038110
038120
038160
038290
038320
038340
038390
038400
038410
038420
038460
038500
038530
038540
038620
038680
038690
038710
038720
038810
038830
038870
038880
038920
038950
038960
038980
038990
039000
039010
039020
039030
039040
039060
039110
039130
039200
039230
039240
039290
039310
039340
039350
039390
039420
039440
039490
039530
039560
039570
039580
039610
039670
039740
039790
039830
039840
039850
039860
039870
039980
039990
040020
040130
040160
040180
040300
040350
040420
040610
040670
040740
040910
041020
041030
041060
041140
041190
041310
041320
041440
041450
041460
041500
041510
041520
041550
041590
041630
041650
041800
041830
041910
041920
041930
041940
041960
042000
042040
042100
042110
042340
042370
042420
042500
042510
042520
042570
042600
042660
042670
042700
042820
042870
042940
042950
042960
043090
043100
043150
043200
043220
043260
043290
043340
043360
043370
043580
043590
043610
043630
043650
043680
043690
043710
043790
043890
043910
044060
044070
044180
044340
044370
044380
044440
044450
044480
044490
044640
044770
044780
044820
044960
044990
045050
045060
045100
045260
045290
045300
045310
045340
045380
045390
045400
045470
045510
045520
045660
045710
045760
045820
045880
045890
045920
045970
046000
046070
046110
046120
046140
046210
046240
046310
046320
046350
046390
046400
046430
046440
046720
046810
046840
046890
046940
046970
047040
047050
047060
047080
047310
047370
047400
047420
047440
047450
047560
047600
047610
047710
047730
047770
047810
047820
047920
047940
048130
048140
048150
048260
048270
048410
048430
048460
048470
048510
048530
048540
048550
048640
048760
048770
048830
048870
048910
049000
049070
049080
049120
049130
049180
049370
049430
049470
049480
049520
049550
049630
049690
049720
049770
049800
049830
049950
049960
050050
050090
050110
050120
050320
050470
050540
050600
050640
050760
050860
050890
050960
051160
051170
051310
051360
051370
051380
051390
051490
051500
051530
051600
051630
051710
051780
051810
051820
051900
051910
051980
052020
052190
052210
052220
052260
052270
052290
052300
052310
052330
052350
052400
052420
052460
052510
052560
052600
052640
052650
052670
052690
052710
052770
052790
052810
052860
052880
052900
052960
052970
053000
053030
053040
053050
053060
053070
053080
053110
053160
053170
053200
053210
053250
053260
053270
053280
053290
053300
053320
053330
053350
053440
053450
053470
053580
053590
053610
053620
053660
053690
053700
053740
053800
053810
053870
053890
053950
053980
054010
054020
054040
054050
054080
054090
054120
054150
054170
054180
054210
054220
054250
054300
054340
054370
054410
054440
054450
054530
054540
054620
054630
054650
054670
054780
054790
054800
054920
054930
054940
054950
055000
055250
055490
055550
055810
055970
056000
056010
056020
056060
056080
056090
056140
056190
056200
056340
056360
056500
056700
056710
056730
056810
056850
057030
057050
057100
057110
057330
057500
057540
057680
057880
058110
058220
058370
058400
058420
058430
058450
058470
058480
058530
058550
058610
058630
058650
058680
058690
058730
058820
058850
058860
058900
058970
059090
059100
059120
059180
059210
059270
059720
060000
060150
060230
060240
060250
060260
060280
060300
060310
060370
060380
060410
060480
060540
060550
060560
060570
060590
060660
060670
060720
060750
060850
060900
060910
060980
061040
061050
061090
061140
061250
061460
061970
062040
062580
062730
062860
062970
063080
063160
063170
063280
063350
063440
063510
063570
063760
063840
064060
064090
064240
064260
064290
064350
064400
064420
064480
064510
064520
064550
064720
064760
064800
064820
064850
064900
064960
065060
065130
065150
065160
065170
065180
065270
065310
065340
065350
065370
065410
065420
065440
065450
065500
065510
065530
065560
065570
065610
065620
065650
065660
065680
065690
065710
065770
065810
065910
065940
065950
066060
066110
066130
066200
066270
066300
066310
066330
066340
066350
066360
066410
066430
066480
066570
066590
066620
066670
066690
066700
066790
066830
066850
066900
066910
066930
066970
066980
067000
067010
067080
067130
067160
067170
067250
067280
067290
067310
067370
067390
067570
067630
067730
067770
067830
067850
067900
067910
067920
067950
067990
068050
068060
068100
068150
068240
068270
068290
068330
068400
068420
068630
068760
068770
068790
068870
068930
068940
069080
069110
069140
069260
069330
069410
069460
069470
069510
069540
069620
069640
069730
069920
069960
070080
070300
070480
070540
070590
070960
071050
071090
071200
071280
071320
071360
071460
071530
071660
071670
071840
071850
071930
071950
071970
072020
072130
072430
072450
072470
072520
072530
072710
072770
072870
072950
072990
073010
073070
073110
073130
073190
073240
073470
073490
073530
073540
073560
073570
073640
073710
073780
073930
074000
074130
074140
074150
074430
074600
074610
075130
075180
075580
075970
076080
076090
076170
076340
076610
076850
077280
077360
077500
077960
077970
078000
078020
078070
078130
078140
078150
078160
078340
078350
078420
078520
078590
078600
078610
078650
078670
078700
078780
078860
078890
078930
078940
079000
079160
079170
079190
079340
079370
079430
079440
079550
079560
079650
079660
079810
079870
079900
079940
079950
079960
079970
079980
080000
080010
080030
080140
080160
080180
080220
080410
080420
080440
080470
080520
080530
080570
080580
080720
080960
080970
080980
081000
081090
081150
081180
081190
081200
081210
081220
081500
081580
081660
081930
081940
081970
082110
082210
082220
082240
082250
082260
082270
082390
082640
082660
082740
082800
082850
082920
082930
083120
083160
083310
083350
083360
083370
083380
083390
083420
083450
083470
083500
083550
083570
083580
083590
083600
083610
083620
083640
083650
083660
083790
083930
084010
084110
084160
084180
084240
084370
084440
084450
084650
084670
084680
084690
084730
084810
084850
084870
084990
085310
085370
085450
085620
085660
085670
085680
085810
085910
085980
085990
086040
086060
086080
086200
086220
086250
086280
086390
086450
086460
086520
086670
086710
086720
086790
086820
086830
086890
086900
086960
086980
087010
087220
087260
087600
087730
088010
088020
088130
088260
088280
088290
088340
088350
088390
088510
088700
088790
088800
088810
088910
088960
088980
089010
089030
089140
089150
089170
089180
089190
089200
089230
089240
089470
089480
089530
089590
089600
089790
089850
089860
089890
089970
089980
090080
090090
090120
090150
090350
090360
090370
090410
090430
090460
090470
090540
090710
090730
090740
090850
090970
090980
090990
091000
091090
091120
091270
091340
091440
091580
091590
091690
091700
091810
091970
091990
092040
092070
092130
092190
092200
092220
092230
092300
092440
092460
092590
092600
092630
092730
092780
092790
092870
092970
093050
093190
093230
093240
093320
093370
093380
093400
093410
093510
093520
093640
093730
093820
093920
094170
094190
094280
094360
094480
094520
094700
094800
094820
094840
094850
094860
094940
094950
094970
095190
095270
095300
095340
095500
095570
095610
095660
095700
095720
095910
096040
096240
096250
096300
096350
096530
096610
096630
096640
096690
096760
096770
096870
097230
097520
097780
097800
097870
097950
098070
098120
098150
098400
098460
098660
099190
099210
099220
099320
099340
099350
099390
099410
099430
099440
099520
099660
099750
099830
100030
100090
100120
100130
100220
100250
100590
100660
100700
100790
100840
101000
101060
101140
101160
101170
101240
101330
101360
101380
101390
101400
101490
101530
101670
101680
101730
101790
101930
101970
101990
102000
102120
102210
102260
102280
102370
102460
102710
102940
102950
103130
103140
103150
103160
103230
103590
103650
103660
103840
104040
104110
104120
104200
104460
104480
104540
104620
104700
104830
105070
105330
105380
105550
105560
105630
105740
105760
105840
106080
106190
106240
106520
107590
107600
107640
108070
108230
108320
108380
108490
108670
108790
108860
108890
109070
109080
109610
109670
109740
109820
109860
109960
110020
110310
110500
110570
110660
110790
110990
111110
111380
111610
111710
111770
111820
111870
112040
112190
112240
112290
112610
113810
114090
114120
114130
114140
114190
114410
114450
114570
114630
114810
114840
114920
115160
115180
115310
115390
115440
115450
115480
115500
115530
115570
115610
115960
116100
117580
117670
117730
117930
118000
118990
119250
119500
119610
119650
119830
119850
119860
120030
120110
120240
120780
121060
121440
121550
121600
121800
121850
121890
121910
121950
122050
122290
122310
122350
122450
122640
122690
122750
122800
122830
122870
122900
122990
123010
123040
123100
123160
123260
123290
123300
123330
123410
123420
123550
123570
123690
123700
123750
123840
123860
123890
123910
124050
124500
124560
125020
125210
125490
126340
126560
126600
126640
126680
126700
126720
126730
126870
126880
127120
127160
127710
127980
128540
128660
128820
128910
128940
129260
129890
129920
130500
130580
130660
130740
130960
131030
131090
131100
131180
131220
131290
131370
131390
131400
131760
131970
133750
133820
134000
134060
134380
134580
134780
134790
135160
135270
136150
136410
136480
136490
136510
136540
136660
137080
137310
137400
137940
137950
138040
138070
138080
138250
138290
138360
138440
138490
138580
138610
138690
138930
139050
139130
139170
139200
139480
139670
139990
140070
140290
140410
140430
140520
140610
140660
140670
140860
140890
140910
141000
141020
141070
141080
142210
142280
142760
143160
143210
143240
143540
144510
144620
144630
144740
144960
145020
145170
145210
145270
145720
145990
146060
146320
147760
147830
148140
148150
148250
148780
148930
149010
149130
149300
149940
149950
149980
150440
150840
150900
151750
151860
151910
152330
152550
153360
153460
153490
153710
154030
154040
155650
155660
155900
155960
156100
156170
158300
158310
158380
158430
159010
159580
159650
159910
160190
160350
160550
160600
160980
161000
161390
161570
161580
161890
162120
162300
163280
163430
163560
163730
164060
165270
166090
166480
167380
168330
168360
168490
169330
169670
170030
170790
170900
170920
171010
171090
171120
172580
172670
173130
173940
174880
174900
175140
175250
175330
176440
176560
176590
176750
177350
177830
177900
178320
178600
178780
178920
179280
179290
179440
179530
179720
179900
180060
180400
180640
181340
181710
181980
182360
182400
182690
183190
183300
183350
183410
183490
184230
185190
185280
185490
185750
186230
187220
187270
187420
187660
187770
187790
187870
188040
188260
189300
189330
189350
189540
189690
189700
189860
189980
190510
190650
191410
191420
191600
192080
192240
192250
192390
192400
192410
192440
192520
192530
192650
192820
193250
194370
194480
194510
194610
194700
194860
195440
195500
195870
195940
195990
196170
196300
196450
196490
196700
197140
197210
198080
198440
198940
199150
199290
199430
199480
199550
199730
199800
199820
199870
200130
200230
200350
200470
200580
200670
200710
200780
200880
201490
202960
203400
203450
203650
203690
204020
204210
204270
204320
204440
204610
204620
204630
204650
204690
204760
204840
204990
205100
205290
205470
205500
206400
206560
206640
206650
206660
206950
207230
207490
207720
207760
207930
207940
208140
208340
208350
208370
208640
208710
208850
208860
208870
208890
209640
210120
210540
210610
210980
211050
211270
212310
212560
212710
213090
213420
213500
214150
214180
214260
214270
214310
214320
214330
214370
214390
214420
214430
214450
214610
214680
214870
215000
215050
215090
215100
215200
215360
215380
215480
215570
215580
215600
215750
215790
216050
216080
216280
216400
217190
217270
217320
217330
217480
217500
217590
217600
217620
217730
217810
217820
217880
217910
217950
218150
218410
218710
219130
219420
219550
219580
219750
219860
219960
220100
220110
220180
220250
220260
220630
221200
221610
221670
221800
221840
221950
221980
222040
222080
222110
222160
222390
222420
222520
222670
222800
222810
222980
223040
223220
223250
223310
224020
224060
224090
224110
224760
224810
224880
225190
225220
225330
225430
225440
225530
225570
225590
225650
225850
225860
226320
226330
226340
226350
226360
226400
226440
226590
226610
226850
226950
227100
227420
227610
227840
227950
228180
228340
228670
228760
228850
229000
229480
229500
229640
230240
230360
230400
230490
230980
232140
232270
232290
232330
232360
232530
232680
232830
233190
233250
233990
234030
234070
234080
234100
234300
234340
234690
234920
235010
235090
235980
236030
236200
236340
236810
237690
237720
237750
237820
237880
238090
238120
238170
238200
238490
238500
239340
239610
239890
240340
240540
240550
240600
240810
241510
241520
241560
241590
241690
241710
241770
241790
241820
241840
242040
242350
242420
242850
243070
243840
243870
244460
244880
244920
245030
245450
245620
246250
246690
246710
246720
246830
246960
247300
247540
247660
248020
248070
248170
249420
250000
250030
250060
250300
250930
251120
251270
251280
251370
251540
251630
251960
251970
252370
252500
252940
252990
253450
253590
253610
253840
254120
254160
254490
255220
255440
256090
256150
256630
256840
256940
257370
257720
257730
257990
258050
258250
258540
258610
258790
258830
259630
259960
260490
260660
260870
260930
260970
261200
261520
261780
262260
262760
262830
262840
263020
263050
263540
263600
263690
263700
263720
263750
263770
263800
263810
263860
263920
264290
264450
264660
264850
264900
265480
265520
265560
265740
265920
266170
266350
266470
266870
267060
267080
267250
267260
267270
267290
267320
267790
267810
267850
267980
268280
268600
269620
270020
270210
270520
270660
270870
271400
271560
271740
271780
271830
271850
271940
271980
272110
272210
272290
272420
272450
272550
273060
273640
274090
274400
275630
276040
276240
276730
276920
277070
277410
277480
277810
277880
278280
278380
278470
278650
278990
279060
279410
279570
279600
280360
281310
281410
281740
281820
282330
282690
282720
282880
283100
284420
284610
284620
284740
285130
285490
285770
285800
286000
286750
286940
287410
287840
288330
288490
288620
288980
289010
289080
289170
289220
289860
289930
290090
290120
290270
290380
290510
290520
290550
290560
290650
290660
290670
290690
290720
290740
291210
291230
291650
291810
293480
293490
293580
293780
293940
294090
294140
294570
294630
294870
295310
296160
296520
296640
297090
297570
297890
298000
298020
298040
298050
298060
298380
298540
298690
298830
298870
299030
299170
299480
299660
299670
299900
299910
300080
300120
300720
301300
302430
302440
302550
302920
303030
303360
303530
303810
304100
304360
304840
305090
306040
306200
306620
307070
307160
307180
307280
307750
307870
307930
307950
308080
308100
308170
308430
308700
309710
309900
309930
309960
310200
310210
310840
310870
311060
311270
311320
311390
311690
311840
311960
312610
313750
313760
314130
314140
314930
315640
316140
317030
317120
317240
317320
317330
317400
317450
317530
317690
317770
317830
317850
317860
317870
318000
318010
318020
318060
318160
318410
318660
319400
319660
320000
321260
321370
321550
321820
322000
322180
322190
322310
322510
322780
322970
323210
323230
323280
323350
323410
323940
323990
326030
327260
327610
327970
328130
328380
329020
329050
329180
329560
330350
330590
330730
330860
330990
331380
331520
331660
331740
331920
332190
332290
332370
332570
332710
333050
333430
333620
334890
334970
335810
335870
335890
336040
336060
336260
336370
336570
336680
337450
337840
337930
338100
338220
338840
339770
339950
340120
340350
340360
340440
340450
340570
340810
340930
341160
341170
341310
342550
342870
343090
343510
344050
344820
344860
346010
347000
347140
347700
347740
347770
347850
347860
347890
348030
348080
348150
348210
348340
348350
348370
348840
348950
349720
350520
351020
351320
351330
351340
351870
352090
352480
352700
352770
352820
352910
352940
353060
353070
353190
353200
353490
353590
353810
354200
354230
354320
354390
355150
355390
355690
356680
356860
356890
357120
357230
357250
357430
357550
357580
357780
357880
358570
359090
360070
360350
361390
361570
361610
361670
362320
362990
363250
363260
363280
364950
365270
365330
365340
365550
365590
365900
366030
366330
367000
367340
367360
367460
367480
368030
368600
368770
368970
369370
370090
371950
372170
372290
372320
372800
372910
373110
373160
373170
373200
373220
373340
375500
376180
376190
376270
376290
376300
376900
376930
376980
377030
377190
377220
377300
377330
377400
377450
377460
377480
377630
377740
378340
378800
378850
379390
380320
380440
380540
380550
381620
381970
382150
382480
382800
382840
382900
383220
383310
383800
383930
384470
386580
387310
387570
388050
388210
388220
388610
388720
388790
388800
388870
389020
389030
389140
389260
389470
389500
389650
389680
390110
391060
391710
393210
393360
393890
393970
394280
394420
394800
395400
396270
396300
396470
396690
396770
397030
397500
397810
397880
398120
399720
400560
400760
400840
402030
402340
402420
402490
403360
403490
403550
403810
403850
403870
404950
404990
405000
405100
405350
405640
405920
406760
406820
407400
408470
408900
408920
409570
411080
412350
412540
412930
413300
413390
413600
413630
413640
415380
415580
415640
416180
417010
417180
417200
417310
417500
417790
417840
417860
417970
418170
418210
418250
418420
418470
418550
418620
419050
419080
419120
419270
419530
419540
419700
420570
420770
421800
422040
424140
424760
424870
424960
424980
425040
425290
425420
426550
426670
427950
429270
430220
430230
430460
430690
430700
431190
432320
432430
432470
432720
432980
433530
434190
434480
435380
435570
435620
435870
436530
436610
437730
437780
438220
438580
438700
439090
439250
439260
439410
439580
439730
440110
440200
440290
440320
440790
440820
441270
442130
442310
442770
442900
443060
443250
443670
444530
444920
445090
445180
445360
445680
445970
446070
446150
446190
446440
446540
446600
446750
446840
447690
448280
448370
448710
448730
448740
448760
448780
448830
448900
449020
450050
450080
450140
450330
450410
450520
450940
450950
451220
451250
451700
451760
451800
452160
452190
452200
452260
452280
452300
452400
452430
452450
452670
452980
453340
453450
453860
454640
454750
454910
455180
455250
455310
455900
455910
456010
456040
456070
456160
456190
456440
456490
456570
456700
457190
457370
457390
457550
457600
457630
457940
458320
458350
458610
458650
458870
459100
459510
459550
460470
460850
460860
460870
460930
460940
461030
461300
462020
462310
462350
462510
462520
462860
462870
462980
463020
463480
464080
464280
464440
464490
464500
464580
464680
465320
465480
465770
466100
466410
466690
466910
467930
468510
468530
468760
469480
469610
469750
469880
469900
471050
471820
472220
472230
472850
473000
473050
473370
473950
473980
474170
474490
474610
474650
474660
474930
475150
475230
475240
475250
475400
475430
475460
475560
475580
475660
475830
475960
476040
476060
476080
476470
476710
476830
477340
477380
477470
477530
477760
478110
478340
478390
478440
478560
478780
479880
479960
480370
481070
481850
481890
482520
482630
482680
482690
483650
484120
484130
484590
484810
484870
486630
486990
487360
487570
487720
487830
488060
488280
488900
489210
489460
489480
489500
489730
489790
490470
491000
492220
493280
493330
493790
494120
495810
495900
496070
496320
498390
499790
900010
900020
900030
900040
900050
900060
900070
900080
900090
900100
900110
900120
900130
900140
900150
900180
900250
900260
900270
900280
900290
900300
900310
900340
950010
950030
950070
950100
950110
950130
950140
950160
950170
950180
950190
950200
950210
950220
950250
