# KR tickers >= 3000억 mcap (342 tickers)
# Source: existing Gold screening panel
000070
000080
000100
000120
000210
000240
000270
000300
000370
000500
000640
000660
000720
000810
000990
001040
001060
001120
001200
001230
001270
001390
001430
001440
001450
001460
001500
001510
001530
001570
001680
001720
001740
001750
001800
001820
001940
002020
002310
002350
002710
002790
002810
002840
002900
003000
003030
003090
003160
003230
003240
003280
003300
003470
003490
003530
003540
003550
003570
003620
003670
003690
003850
003920
004000
004020
004170
004370
004490
004690
004990
005090
005180
005250
005380
005440
005490
005610
005680
005720
005810
005830
005850
005880
005930
005940
006040
006110
006220
006260
006280
006340
006360
006400
006650
007070
007310
007340
007660
007690
007700
007810
008060
008730
008770
008930
009160
009240
009290
009410
009420
009450
009680
009830
009900
009970
010060
010120
010130
010140
010690
010780
010950
011070
011170
011200
011210
011790
011930
012030
012330
012450
012510
012630
0126Z0
012750
014680
014820
014830
015360
015760
015860
016360
016380
016590
016610
016800
017390
017670
017800
017810
017860
017940
017960
018250
018260
018670
018880
019170
020000
020150
020560
021240
022100
023530
023590
025540
025560
025860
026890
026960
027410
028050
028260
029460
029530
029780
030000
030190
030200
030610
031210
031430
032350
032640
032830
033240
033780
034020
034120
034220
034230
034310
034830
035420
035720
036460
036530
036570
039130
047040
047050
047810
051600
051900
051910
052690
057050
058650
060980
064350
064960
069260
069620
069960
071050
071970
072710
073240
074610
075580
077970
078520
078930
079160
079550
079900
081660
082640
082740
084690
085620
086280
086790
088350
089590
089860
090430
090460
092200
092220
092230
093050
093370
096760
096770
097230
097520
097950
100090
100840
103140
103590
105560
105630
105840
111770
112610
114090
120110
123890
126560
128820
128940
130660
137310
138040
138490
139130
139480
145720
145990
161000
161390
161890
170900
175330
180640
181710
185750
192080
192400
192650
192820
200880
204320
207940
214320
217590
229640
241560
248070
249420
251270
259960
267250
268280
271560
271940
272210
278470
280360
281820
282330
284740
285130
286940
293940
294870
298020
298040
298050
300720
302440
306200
307950
317450
322000
336260
336370
352820
353200
361610
365550
373220
377740
383220
383800
395400
402340
403550
439260
452260
453340
456040
457190
462520
475150
475560
483650
489790
499790
